200
23
0
24
12
15
7
43
22
1
3
2
40
5
1
1
18
0
0
67
9
4
47
0
11
2
7
7
3
3
0
45
2
62
10
20
3
0
0
13
0
17
14
0
8
3
3
2
10
1
0
0
0
0
28
5
11
0
0
0
1
13
33
81
0
2
2
0
0
2
0
19
15
0
2
7
75
5
12
0
0
0
0
8
0
3
5
40
8
1
0
19
0
1
0
20
20
0
4
12
0
10
9
0
26
7
64
44
15
38
1
0
0
6
1
4
1
3
0
7
0
6
0
25
4
9
5
0
0
2
19
0
1
49
4
2
0
36
7
6
3
32
4
7
0
15
13
23
6
3
3
0
20
12
15
6
21
1
0
0
43
12
2
5
70
13
11
1
82
23
0
3
2
14
0
8
2
1
9
14
1
12
0
1
23
14
8
48
4
8
7
1
80
9
0
0
2
0
3
7
2
22 61 166 199 262 394 483 536 594 600 631 643 708 745 795 891 892 952 996 1013 1120 1213 1341 

22 31 43 95 103 144 190 316 391 467 508 566 616 769 839 860 889 977 994 1002 1088 1196 1203 1334 
22 31 38 69 185 187 579 710 846 885 1246 1252 
5 24 36 94 189 211 257 264 460 506 539 544 636 988 1021 
211 537 768 783 1031 1285 1315 
0 3 4 17 24 26 36 37 42 53 54 57 75 97 109 125 129 135 161 162 187 238 241 252 274 279 295 320 331 360 522 533 584 595 625 791 825 1058 1149 1174 1279 1307 1327 
10 30 31 59 125 162 164 178 193 206 274 296 345 507 536 543 549 657 666 969 1009 1129 
33 
71 126 585 
634 785 
0 9 22 36 38 87 117 128 150 187 204 215 267 290 308 312 370 413 418 448 462 473 478 480 618 639 679 691 793 905 915 926 1006 1051 1062 1097 1118 1126 1171 1236 
4 10 22 31 306 
128 
89 
42 65 102 152 187 255 398 428 450 507 521 570 591 606 655 701 777 1148 


0 22 31 41 89 109 125 193 194 237 281 285 290 319 335 351 377 382 385 392 417 436 453 462 471 478 535 592 602 667 754 771 813 819 835 894 923 936 938 964 972 985 1020 1026 1035 1066 1070 1084 1094 1095 1105 1117 1142 1144 1167 1185 1190 1194 1206 1222 1267 1296 1323 1328 1329 1335 1342 
3 9 18 22 100 117 142 449 515 
171 337 396 1141 
22 24 31 58 73 79 111 150 152 153 176 183 187 217 239 248 257 301 352 372 393 441 451 476 501 510 534 548 605 705 765 802 841 875 893 896 928 978 1087 1135 1153 1170 1238 1242 1249 1333 1340 

24 117 120 187 436 743 886 1083 1125 1280 1291 
314 583 
18 125 174 536 575 666 921 
86 174 185 363 426 792 1195 
855 1019 1304 
22 1155 1306 

12 20 25 42 67 70 96 116 141 144 146 152 159 161 174 211 268 269 282 290 298 338 345 355 371 375 380 388 424 432 448 452 497 505 528 665 675 683 694 697 730 736 820 834 1038 
42 897 
22 29 31 38 42 59 73 77 85 93 127 128 132 140 147 174 190 245 250 254 258 318 348 361 497 517 521 553 567 572 691 728 747 806 810 849 854 869 873 879 884 900 962 997 1014 1039 1047 1067 1091 1128 1198 1205 1211 1232 1240 1256 1266 1282 1290 1295 1310 1339 
124 157 270 374 537 563 827 981 1027 1180 
0 5 17 22 24 31 33 36 56 59 79 105 174 214 250 257 336 381 527 1122 
22 67 910 


4 43 126 136 265 403 404 516 586 603 648 716 943 

4 8 22 35 62 76 104 195 209 276 423 558 581 724 803 948 1156 
0 22 42 90 152 186 405 431 650 744 874 942 1041 1121 

49 51 262 309 395 917 979 1200 
0 82 838 
22 649 677 
652 693 
38 55 137 503 755 815 878 944 958 1073 
674 




4 22 46 95 119 128 190 200 211 259 284 286 354 401 408 419 470 529 598 669 670 673 687 949 965 1110 1168 1265 
3 59 171 216 681 
7 78 253 387 733 800 1011 1024 1151 1272 1294 



37 
4 22 69 180 207 272 327 421 426 427 538 950 982 
0 6 17 22 23 24 31 36 79 116 120 167 205 235 326 344 368 376 430 450 560 621 626 719 806 882 896 908 932 940 999 1061 1297 
0 4 5 7 9 17 21 22 24 36 38 39 42 43 56 59 67 79 95 100 117 122 128 136 150 152 157 162 166 174 178 179 185 198 215 216 237 243 272 310 317 326 332 343 347 353 373 381 394 413 414 424 426 472 475 483 495 538 540 559 574 627 632 633 661 713 718 741 751 766 811 872 898 914 925 953 1014 1022 1158 1286 1299 

31 77 
275 325 


203 491 

0 8 10 39 42 89 122 131 150 152 174 199 212 214 382 402 558 752 830 
22 52 96 216 475 556 567 579 645 776 857 879 989 1173 1314 

407 954 
0 42 129 172 239 628 725 
0 17 22 26 31 36 38 41 42 43 56 59 78 79 84 89 116 117 118 125 128 130 133 158 166 174 190 214 223 229 237 252 262 294 295 302 343 353 358 359 364 371 401 426 466 502 509 522 536 582 596 688 712 720 750 763 770 809 836 853 888 906 916 939 945 1049 1150 1154 1187 1226 1262 1274 1303 1313 1348 
14 52 190 702 1147 
79 84 149 171 198 298 345 349 486 540 573 1311 




125 193 412 433 657 1044 1048 1343 

31 108 1268 
434 698 867 957 1172 
7 15 17 22 27 31 43 64 74 115 141 161 175 190 217 260 342 350 358 384 389 404 416 465 504 528 542 563 603 610 646 723 756 797 798 861 986 1130 1221 1312 
0 22 31 97 152 806 851 1090 
183 

35 36 44 65 95 98 176 203 257 321 331 341 482 565 581 735 960 1184 1269 

1331 

2 7 8 39 61 98 114 134 211 215 227 436 514 532 587 599 824 1127 1136 1337 
42 67 70 100 116 144 185 198 207 215 281 300 381 413 444 446 498 781 922 1085 

22 362 668 1291 
1 3 7 31 42 45 200 257 291 328 691 804 

3 56 78 263 287 411 444 662 837 1063 
4 142 217 230 381 477 818 887 1239 

68 73 91 162 174 193 197 212 256 382 474 489 536 538 568 675 702 707 780 821 1037 1077 1102 1143 1162 1309 
24 31 96 194 201 225 493 
11 15 28 50 163 251 293 390 461 463 485 593 658 690 787 788 790 844 881 911 912 920 956 959 1003 1007 1008 1025 1030 1034 1040 1081 1082 1086 1096 1133 1145 1165 1177 1189 1197 1210 1215 1219 1225 1227 1228 1231 1240 1241 1243 1257 1276 1277 1283 1287 1289 1298 1302 1308 1316 1326 1345 1347 
4 7 9 16 17 22 35 42 59 74 82 96 112 116 130 160 173 175 179 186 187 207 232 250 290 326 345 371 381 416 431 458 483 551 613 680 713 775 812 910 1050 1109 1137 1158 
4 10 17 18 31 150 187 191 204 282 445 807 983 1112 1174 
24 42 44 80 161 183 205 208 240 242 307 331 339 381 440 506 832 848 850 866 904 935 992 1016 1017 1033 1068 1072 1074 1108 1139 1140 1183 1271 1284 1301 1317 1330 
164 


0 36 78 210 397 902 
732 
323 704 779 1324 
753 
0 142 717 

22 399 438 546 550 576 890 

222 283 297 468 1059 1258 

7 13 16 22 60 71 121 181 183 268 277 330 435 456 531 536 676 703 774 903 933 1042 1164 1233 1344 
1 35 84 1201 
5 14 239 255 264 548 1023 1057 1065 
22 59 395 494 941 


96 433 
0 24 26 42 101 139 152 154 257 452 590 612 619 706 828 952 970 1146 1193 

438 
5 36 62 116 145 147 151 170 216 258 313 356 409 413 521 556 567 578 588 595 597 609 615 679 686 721 726 749 759 767 826 840 857 864 901 907 924 934 984 1005 1069 1123 1124 1202 1224 1263 1318 1332 1342 
191 678 1052 1169 
13 443 

4 22 31 37 38 79 81 92 127 207 249 304 312 369 428 444 459 530 589 651 663 692 786 868 895 931 968 983 1058 1100 1191 1207 1208 1237 1245 1255 
7 22 525 622 732 796 1010 
22 24 38 210 1036 1291 
59 331 808 
0 4 17 24 27 39 42 43 57 73 79 86 117 152 156 158 197 211 272 288 311 368 444 479 522 633 805 842 951 1119 1230 1259 
47 77 233 562 
22 31 113 307 381 714 913 

17 22 24 36 42 54 59 79 152 251 289 334 409 422 664 
7 36 43 100 116 138 174 189 194 381 541 809 995 
3 16 22 26 56 72 96 97 294 298 410 447 499 611 645 647 709 748 930 976 1055 1131 1134 
22 108 182 383 418 1291 
620 682 1045 
298 552 746 

83 188 210 346 460 579 580 638 656 696 816 858 918 937 980 989 1001 1106 1186 1217 
0 36 42 58 135 152 210 246 302 331 487 492 
36 231 244 271 396 457 467 496 605 624 660 695 711 729 1175 
43 58 61 117 143 310 
17 33 54 73 89 116 117 135 150 225 359 370 547 554 689 823 829 880 896 1054 1291 
552 


0 5 7 9 13 16 17 24 26 34 36 42 59 67 68 89 105 117 130 144 150 190 200 203 213 216 257 266 294 311 336 357 378 379 439 444 486 523 590 633 784 1056 1166 
23 191 205 241 255 507 608 629 859 1029 1043 1214 
794 1250 
172 520 876 991 1159 
0 4 22 32 71 73 74 79 99 100 145 179 185 190 192 219 220 261 327 333 365 367 386 418 444 455 496 500 519 604 637 640 653 675 685 700 772 811 843 847 852 860 865 899 918 919 955 963 973 987 1060 1079 1092 1178 1192 1199 1203 1209 1220 1247 1251 1253 1261 1273 1278 1305 1319 1320 1322 1338 
24 135 340 437 526 553 645 764 770 847 929 1176 1216 
3 18 41 73 162 187 263 269 607 870 1346 
123 
0 3 4 9 17 19 22 42 43 59 62 73 79 84 88 99 107 115 144 152 157 166 172 184 216 221 261 295 322 359 366 381 402 406 420 421 428 460 484 490 498 527 547 555 561 564 578 604 617 633 642 654 671 684 722 758 833 862 871 947 966 967 974 990 1059 1076 1093 1099 1103 1113 1114 1115 1116 1182 1204 1212 1248 1254 1270 1281 1288 1292 
0 3 18 40 45 89 96 200 204 226 228 247 269 280 284 298 468 659 731 863 975 993 1163 

97 165 801 
148 513 
4 5 16 18 59 97 130 155 273 329 454 627 971 1229 

0 7 225 336 468 633 831 946 
801 1018 
303 
22 32 101 125 146 168 305 511 545 
14 63 129 315 318 557 569 630 635 782 877 883 1028 1336 
172 
1 7 13 22 43 105 394 488 516 774 969 1218 

845 
1 9 13 48 105 154 224 429 442 481 518 566 727 738 822 927 1004 1053 1071 1160 1223 1233 1260 
31 59 61 67 134 135 145 174 326 577 789 799 998 1300 
16 22 184 217 252 641 1098 1132 
7 17 59 73 79 81 100 136 142 152 169 177 178 189 190 196 202 216 274 278 292 294 379 381 400 415 425 426 464 469 497 506 524 571 603 633 644 647 667 672 715 739 961 1000 1012 1032 1046 1321 
216 737 909 1188 
24 78 82 324 343 760 762 1293 
26 44 213 340 355 440 817 
206 
0 4 10 17 22 33 38 42 66 79 82 99 100 110 117 130 144 146 152 172 201 214 218 236 266 279 299 311 331 355 371 378 422 449 458 464 483 512 601 609 623 680 699 734 740 742 757 761 773 778 814 820 838 843 847 856 898 941 967 968 991 1043 1064 1075 1080 1089 1101 1104 1107 1138 1152 1161 1179 1181 1212 1235 1244 1264 1275 1325 
9 82 106 207 234 288 614 632 1015 


187 687 

468 1111 1234 
0 14 69 97 165 189 1078 
201 1157 
