200
13
18
64
16
40
196
205
6
194
220
54
81
6
3
13
18
14
49
23
13
27
1
272
47
10
113
9
26
97
35
10
4
8
89
22
113
27
82
160
35
15
2
9
7
222
18
253
156
12
304
47
40
14
52
11
8
28
11
4
53
62
68
17
5
225
6
117
2
29
117
61
55
127
117
89
115
19
22
491
279
41
0
9
6
109
1
62
9
17
88
5
32
18
61
47
5
69
38
207
4
1
274
37
11
20
4
8
30
1
116
239
1
139
397
32
4
36
20
45
40
108
40
4
8
6
63
4
17
53
565
33
32
0
72
218
171
29
9
336
6
20
79
29
20
0
13
622
183
11
7
13
7
3
63
242
72
34
19
5
119
25
256
432
171
143
6
2
73
76
13
21
61
93
31
11
16
6
210
98
76
5
120
0
187
49
27
43
2
81
350
3
34
29
7
49
11
34
14
325
21
1 2 4 5 6 181 213 107 1318 7 8 213 107 
10 1023 17 11 3 841 12 924 13 181 14 32 15 1862 924 1413 965 17 
18 215 19 206 20 924 17 21 965 23 24 99 206 924 181 25 26 347 27 965 0 29 860 17 30 31 33 34 456 17 36 37 39 40 41 215 42 43 45 456 46 22 1862 928 29 924 47 44 218 206 347 1139 48 49 912 9 107 965 831 50 51 220 52 53 
56 213 40 215 1808 57 3 58 181 59 965 3 965 24 924 1413 
63 456 24 3 64 463 107 65 924 66 67 860 17 30 68 69 9 70 71 181 71 73 74 841 75 181 76 35 9 77 78 924 80 17 63 81 82 1862 928 1946 
72 213 74 80 841 1862 924 17 81 463 965 17 29 83 912 400 30 84 80 272 85 86 1318 924 17 87 88 89 90 554 99 91 206 92 2577 9 93 841 94 1277 95 96 924 97 177 1946 98 100 3 101 102 103 17 104 928 400 841 3 35 52 841 105 99 106 213 1318 108 213 109 44 215 1 111 112 213 135 213 638 113 965 860 17 114 115 117 638 118 1862 1023 347 93 956 120 49 213 10 121 122 422 123 1808 124 805 17 18 125 928 81 126 17 127 965 17 44 128 129 9 130 51 805 131 126 17 132 456 870 912 400 133 99 134 17 132 107 965 17 46 965 17 435 206 965 136 52 17 137 1413 965 177 140 274 215 47 142 144 456 123 918 553 145 1023 146 912 147 148 126 149 151 218 107 122 3 152 126 145 153 154 924 912 17 155 928 81 112 108 17 156 928 157 52 44 841 154 924 158 159 
160 456 161 26 177 192 162 163 135 215 10 164 924 165 17 166 167 215 168 924 169 1139 170 181 171 17 172 173 174 213 175 1139 860 3 176 178 177 435 179 17 180 24 17 182 183 184 213 52 22 1136 185 186 928 157 52 1413 24 187 188 1136 189 359 190 197 554 17 1152 965 181 805 638 1413 191 193 17 145 320 1136 194 195 181 17 196 320 860 206 198 57 17 199 17 2336 200 924 201 1862 400 192 130 1139 20 553 202 99 924 553 57 17 203 44 215 206 553 110 185 924 928 157 215 207 208 209 860 3 47 17 210 912 17 456 553 147 212 107 400 214 860 215 216 924 428 217 206 928 22 181 24 205 928 638 215 219 215 975 400 456 17 221 928 428 222 192 860 52 536 215 206 0 198 223 17 224 225 181 553 226 227 192 228 57 3 229 928 110 44 215 412 216 230 231 197 232 233 157 17 234 235 412 428 236 181 215 1808 1413 191 
237 238 239 240 42 554 
122 182 435 216 924 242 3 243 1359 213 244 400 22 463 245 1413 246 400 841 206 247 32 553 248 181 553 246 400 841 245 1023 965 3 250 912 3 251 252 253 1023 3 254 162 536 376 255 359 256 92 258 400 376 17 259 260 52 1413 244 17 400 17 77 261 1265 2577 262 9 263 912 45 2678 264 181 2678 181 320 159 965 99 250 965 143 265 924 1318 400 965 52 266 1318 30 261 107 251 267 3 268 269 206 215 233 270 271 456 400 273 215 275 924 17 224 24 17 897 270 177 17 965 206 476 277 1318 278 924 279 17 186 17 897 456 280 282 456 35 376 283 924 284 476 186 965 285 456 286 287 181 435 1023 288 289 928 290 163 135 181 292 36 293 456 39 294 32 9 296 428 298 299 912 965 301 299 1807 553 302 924 303 304 924 1413 3 305 965 928 162 306 1134 928 307 308 928 928 924 305 309 
0 310 3 311 928 186 181 312 313 3 270 314 928 1946 46 315 928 0 316 924 279 3 156 965 143 317 928 72 182 46 225 860 257 181 143 924 318 3 270 319 181 154 924 321 17 322 323 306 121 257 1862 46 324 553 1115 326 327 99 218 870 46 328 32 435 206 2906 329 219 213 1413 281 215 37 975 223 24 218 456 1139 185 554 435 331 0 554 1946 928 332 220 333 257 912 181 841 335 43 924 99 336 181 110 44 841 99 912 928 257 841 206 860 1946 337 928 860 181 17 1679 338 456 339 400 99 456 340 435 181 3 130 188 342 343 99 77 359 178 181 110 285 344 1139 35 17 336 141 274 215 345 142 860 346 348 400 349 350 3 13 965 351 352 1506 353 841 870 1023 3 456 456 354 860 355 356 357 422 23 185 554 965 1946 358 17 360 400 841 1023 361 2363 860 36 177 362 177 3 162 180 456 363 182 99 364 1413 130 340 642 928 209 365 182 1023 428 57 422 327 24 99 181 1023 924 366 476 553 
76 44 17 180 22 367 965 17 111 368 59 40 181 860 215 181 428 369 206 121 320 1136 99 359 553 3 180 456 965 143 370 135 371 206 22 912 72 1946 250 456 373 928 99 3 374 177 375 233 377 181 377 924 378 965 
379 400 380 192 805 381 181 335 382 383 379 206 384 106 384 928 22 912 385 386 831 387 379 805 928 276 388 924 3 180 389 912 159 390 183 122 390 181 17 392 181 17 393 282 554 331 32 51 394 395 476 396 553 956 213 397 476 398 247 181 17 392 206 1139 20 924 388 924 17 180 17 399 181 456 394 965 17 401 456 553 394 
965 77 928 17 402 403 
404 554 215 
435 238 1023 55 406 359 435 10 553 1413 40 2222 805 
407 928 3 408 181 219 215 410 411 422 965 3 64 413 414 918 3201 1413 
415 213 107 185 924 2 918 416 417 860 3 418 213 416 
975 215 1023 3 420 860 400 206 422 421 928 22 463 1023 17 1318 423 156 928 22 1023 424 425 426 257 400 1318 456 3 427 928 456 430 120 928 143 195 463 206 431 259 456 434 206 805 436 554 99 84 
35 206 215 438 1862 99 536 439 200 924 440 108 400 1946 441 52 313 1413 442 428 476 443 444 
445 46 135 446 400 17 137 102 181 1023 49 181 447 
456 448 924 553 449 36 24 1134 150 4 181 450 860 17 451 452 1318 453 1134 181 213 1808 1413 329 206 553 454 
210 
174 99 457 928 292 177 376 20 1593 213 458 17 224 17 180 965 459 460 32 461 17 462 924 17 464 465 466 17 457 0 17 180 467 965 459 460 359 1593 468 841 936 469 470 471 206 805 415 99 107 39 472 1136 189 215 412 318 22 44 870 206 157 181 474 965 400 17 145 1023 426 924 553 475 17 266 928 132 177 260 32 279 213 177 99 201 965 225 17 477 206 0 478 44 17 456 359 288 928 479 135 35 52 17 477 347 17 111 44 17 270 435 245 335 179 220 17 481 181 482 181 342 483 484 32 841 108 177 485 486 487 320 435 57 3 488 928 17 342 1430 435 179 956 489 213 344 965 924 956 120 213 1506 181 870 1506 638 435 57 1318 928 956 924 490 912 17 479 1836 42 491 17 492 493 400 435 206 860 3 494 495 80 496 52 17 137 318 408 22 860 157 181 333 215 182 17 206 497 17 498 499 181 500 860 501 924 215 860 143 503 456 400 17 471 477 504 1134 206 359 215 412 318 408 22 860 157 181 416 1134 924 468 376 642 20 505 188 576 506 924 487 320 382 965 2363 507 1134 508 553 924 1413 339 72 487 320 480 456 1134 17 370 509 576 510 511 1136 17 512 509 463 513 181 400 220 1593 320 514 456 
516 3 517 518 519 99 479 456 553 3 520 430 521 417 213 109 440 215 284 522 924 1413 0 3 523 243 524 174 456 400 272 416 3 268 5 860 17 30 225 181 135 435 2577 924 452 99 479 
80 143 526 638 1023 17 897 526 456 142 
924 213 44 22 870 528 77 529 965 428 250 924 530 531 1413 965 400 532 456 159 422 17 17 535 928 257 110 233 456 17 111 928 17 1593 537 3 17 387 206 233 247 181 373 965 456 2906 197 117 965 371 206 339 539 22 206 339 965 376 9 520 44 473 3 540 529 400 416 157 1136 541 412 182 215 57 17 180 1134 0 543 918 411 75 17 544 182 400 17 180 107 965 17 545 553 546 548 1023 14 19 213 549 376 38 130 1139 400 1593 553 870 32 553 147 924 158 
359 178 551 965 240 553 110 554 17 
86 556 928 557 558 487 131 924 17 22 163 559 99 50 638 560 553 0 860 32 253 561 562 75 17 544 
0 860 17 563 223 24 2363 638 1413 17 150 564 928 177 215 133 565 223 24 198 1413 24 181 566 936 121 567 1318 24 568 32 340 445 416 17 493 928 320 197 22 569 198 86 570 928 17 571 223 17 897 532 192 0 223 24 240 367 536 213 121 572 24 17 573 325 574 220 493 456 17 400 638 113 912 575 553 17 49 577 578 32 223 400 579 638 580 581 240 521 1139 3 582 554 257 1441 210 325 
86 308 928 181 44 215 936 345 583 638 584 428 585 586 587 181 588 428 17 870 456 589 590 591 215 936 975 924 440 428 585 592 593 638 594 
17 596 597 341 121 598 965 17 150 599 
600 422 181 601 
180 1808 1413 602 1318 603 928 604 
143 605 606 422 607 928 965 110 608 316 924 609 924 215 35 456 1139 610 17 285 161 9 1139 454 322 612 143 613 614 257 223 505 267 417 418 615 353 616 22 9 617 150 619 456 422 956 3 416 620 181 1506 621 622 1506 623 272 912 3 96 912 3 965 181 17 96 614 197 121 325 860 215 624 3 625 554 627 1862 17 629 18 272 630 631 632 333 197 121 325 633 
274 3 634 635 924 636 860 3 529 637 38 975 3 243 1139 639 0 965 31 57 640 532 
325 103 206 400 3 393 529 456 553 20 924 388 1134 213 575 99 456 17 641 163 549 643 206 644 860 362 645 24 181 576 606 3 646 928 4 2222 928 99 22 57 647 181 648 870 924 8 365 841 1023 213 72 192 1441 382 400 17 156 928 157 22 456 380 17 132 343 456 505 587 1359 445 22 621 342 181 642 928 17 22 463 621 2577 918 392 585 1359 57 347 649 650 17 462 456 553 651 445 2363 206 14 421 32 841 652 17 201 400 17 180 456 553 924 3 393 653 
17 412 2 218 215 206 157 3201 321 213 924 159 177 62 177 215 655 656 17 13 10 657 215 554 220 924 53 
215 965 1862 554 553 22 504 659 1134 660 220 315 928 503 1807 99 436 912 143 206 662 22 636 663 72 17 479 74 17 664 860 143 11 665 476 428 215 657 257 220 215 666 2336 667 422 3 288 50 24 215 206 1265 615 554 17 669 359 650 870 465 956 120 1139 553 251 918 553 670 671 965 456 1318 672 99 673 198 674 215 44 215 675 924 
676 677 860 17 22 928 181 177 3 0 1902 3 678 679 182 276 680 928 682 924 683 253 223 220 936 435 975 924 223 24 805 435 936 975 456 0 684 685 177 99 841 0 215 860 476 17 685 924 47 44 215 1413 918 73 149 688 689 181 690 22 691 181 841 416 149 1136 521 693 554 99 515 48 181 965 694 385 182 695 1413 241 341 121 214 697 359 108 400 698 699 17 700 22 701 17 180 918 1139 17 702 912 703 177 435 216 924 705 1277 706 554 233 172 215 606 707 1 1413 3 708 924 440 213 924 709 710 711 435 805 216 924 57 117 712 32 44 515 616 215 713 975 347 928 227 185 924 714 177 3 715 912 99 445 46 359 170 924 716 159 924 0 717 
197 18 422 718 719 181 720 529 1023 924 234 721 722 1136 99 253 19 197 400 616 22 638 1413 536 218 206 359 505 183 553 805 35 439 456 965 
723 554 1265 1134 3 724 373 3 725 181 726 17 727 659 924 
728 729 
553 46 1139 24 181 157 1808 264 222 
325 924 47 400 456 122 17 
130 924 282 731 732 17 282 99 841 245 286 36 130 647 72 733 734 213 924 1413 215 660 220 456 436 912 735 137 166 860 87 1808 675 924 1023 564 736 554 59 314 928 428 737 634 3 738 117 24 739 456 3 296 185 422 400 740 3 741 742 1134 17 870 730 743 965 17 744 456 244 956 120 22 965 745 181 213 746 860 117 24 262 177 325 177 476 99 387 1023 621 476 3 188 343 32 400 245 1413 924 17 748 965 749 483 860 965 456 1139 750 965 99 532 210 751 554 17 752 536 928 3 676 181 753 536 841 754 213 107 424 1808 1413 755 583 1134 17 928 17 402 464 756 279 757 456 4 273 17 456 759 912 99 115 253 760 400 215 206 1139 177 215 57 377 924 215 1023 924 1413 1139 339 422 4 860 17 336 421 860 761 181 553 4 257 422 745 220 3 517 759 763 928 17 107 3 296 928 22 181 841 764 3 748 965 653 99 201 376 553 608 765 182 215 766 39 767 52 1413 667 422 3 768 769 805 928 770 771 
272 253 382 272 772 3 523 32 213 773 22 774 223 24 479 2222 3 264 
1413 49 213 52 1413 49 363 156 928 447 130 775 17 32 376 0 516 214 462 122 776 924 17 777 778 0 516 1441 120 447 49 421 456 24 32 256 1862 928 251 669 918 965 1679 779 928 421 206 456 17 251 669 218 456 120 120 1139 421 670 924 1413 251 918 553 152 147 924 3 13 780 181 179 220 841 216 924 345 1359 841 781 439 17 213 3 782 783 784 918 3 928 1023 924 696 473 197 395 785 177 375 186 638 965 17 786 536 251 421 206 20 924 1413 17 1139 610 787 463 924 788 181 149 588 841 638 606 924 789 1139 790 181 791 792 965 17 251 447 206 253 924 149 181 793 3 297 795 554 956 456 181 1506 376 377 924 456 0 177 214 177 17 796 703 364 1413 213 364 253 1413 797 798 456 799 912 800 422 956 215 412 313 179 220 1987 667 422 181 642 186 206 1136 802 428 86 556 928 428 1413 804 965 261 213 510 280 45 936 410 456 17 186 400 206 1862 218 181 412 493 206 965 17 806 163 559 428 201 456 400 435 531 807 1506 412 807 347 557 553 928 860 924 808 721 203 72 841 113 1134 1318 730 99 75 965 809 1359 99 260 107 3 810 
811 759 723 554 812 1134 143 250 928 504 1134 759 805 813 622 814 108 841 0 815 816 209 17 224 50 779 818 819 17 464 130 215 821 17 897 130 390 22 349 187 822 17 725 823 349 187 1318 341 225 924 17 824 825 720 259 31 928 99 826 456 443 3 270 827 189 576 364 1413 17 828 870 3 829 830 107 206 422 177 481 177 2336 1359 213 510 361 832 834 18 860 835 181 236 206 1136 681 181 837 206 320 813 860 838 831 839 192 840 206 181 22 463 798 18 218 206 1139 20 2906 17 897 41 805 69 509 723 422 17 180 1023 723 1134 349 67 965 17 842 860 32 276 206 253 135 553 32 240 108 841 206 816 22 553 924 798 44 841 206 172 
99 456 33 843 181 860 844 845 80 272 428 846 
847 223 213 10 1413 924 848 1 216 924 655 1441 178 849 77 850 851 422 849 216 924 1413 273 99 456 143 852 32 853 17 181 469 206 154 924 854 17 301 156 928 3 855 206 185 924 59 177 32 553 456 316 192 54 924 928 2363 250 137 456 313 856 1862 928 826 648 445 99 857 965 124 476 277 1277 250 858 192 859 206 197 553 375 861 17 862 928 805 206 65 1862 476 1152 17 863 60 476 17 65 1862 456 712 864 553 471 855 22 698 179 99 253 865 576 698 866 347 262 44 215 867 1862 928 17 428 868 638 553 1413 869 924 2 456 253 864 102 250 698 1023 3 325 130 928 726 1862 471 3 397 860 3 341 871 965 2363 872 858 924 798 17 32 510 873 874 325 924 3 523 875 72 151 719 253 876 1862 928 46 553 400 152 965 860 559 1023 65 1862 877 878 965 17 879 912 471 554 956 924 170 285 181 99 259 213 107 177 162 880 289 269 108 956 698 396 553 400 313 35 3 855 928 22 510 32 404 881 860 70 129 9 882 880 860 99 13 262 883 17 195 884 181 242 860 585 592 924 885 17 886 93 887 853 428 306 456 145 713 975 1441 505 860 530 206 554 834 108 22 912 152 306 884 181 657 1946 585 592 1139 68 341 192 889 860 835 890 341 1139 1136 197 924 891 918 892 341 3 208 805 890 924 893 894 895 1136 2363 181 1808 553 896 45 1136 703 
936 1023 213 1441 50 924 220 965 858 924 900 181 17 901 316 924 900 17 73 1134 17 902 928 17 544 99 261 341 36 924 975 912 213 371 256 903 41 17 360 400 17 529 904 808 17 288 905 
107 404 965 906 3 181 341 3 907 141 909 181 908 259 117 614 1318 32 99 698 284 24 128 439 965 583 108 17 456 1808 617 454 18 400 1023 661 924 975 912 17 
673 965 308 67 52 216 3 673 179 479 422 17 911 220 
687 72 2774 913 912 3 180 17 586 376 283 44 841 388 1134 914 325 915 916 52 1413 154 924 917 17 562 159 52 919 388 1134 860 320 3 107 143 30 872 257 1808 1023 921 72 841 382 3 922 3 924 440 213 297 
215 121 182 923 99 1987 505 925 137 213 926 
216 721 860 881 385 927 1902 177 
17 452 359 178 182 99 77 456 17 642 110 1023 924 1413 3 930 400 931 416 932 0 177 286 1413 3 933 912 33 
934 17 870 471 935 456 17 370 876 553 17 
282 215 937 17 
213 456 3 722 938 2222 398 871 531 939 924 1023 197 325 103 965 17 940 679 506 924 257 213 456 941 1136 135 400 482 965 17 319 456 942 181 17 792 1902 447 452 213 944 187 1136 189 400 99 965 456 965 360 17 31 
703 42 0 316 924 1413 1139 912 143 946 181 553 947 143 236 181 948 17 736 1139 32 218 3 261 480 965 143 348 949 870 3 663 928 950 32 1430 17 30 529 928 213 965 143 348 1506 606 924 248 86 197 444 951 54 936 975 456 99 54 444 38 756 952 
841 177 953 1430 209 918 456 213 0 214 954 1506 955 1807 3 285 957 181 170 162 924 3 268 554 72 376 553 884 168 956 936 213 388 958 960 378 214 954 660 44 215 961 956 297 1807 3 180 150 17 638 410 962 680 181 388 1023 928 456 207 928 554 963 860 135 216 72 215 936 
9 260 539 86 428 956 841 77 1808 1023 924 321 0 536 17 77 110 
364 410 272 107 494 
964 32 1023 26 225 181 225 17 337 928 965 181 181 744 1023 26 22 554 17 967 554 553 494 732 1023 26 22 463 1023 17 924 968 965 32 206 969 924 554 1023 26 86 570 181 17 970 928 860 276 928 215 177 3 972 410 973 638 553 974 765 435 121 734 1318 137 924 1413 17 114 731 928 17 245 2363 206 0 3 215 531 924 17 224 965 3 53 3 603 177 44 2336 3 928 143 744 976 86 181 779 410 206 185 924 1413 181 912 143 924 47 359 120 977 928 400 1023 9 860 17 928 978 965 3 777 979 965 17 980 928 206 0 208 860 106 1277 17 928 341 981 956 435 982 360 400 17 860 422 3 984 1359 17 985 137 311 57 257 986 2336 987 924 1413 181 988 410 400 591 918 192 22 1023 712 456 325 918 989 990 17 788 991 924 17 992 928 143 348 993 803 965 2336 0 177 422 99 860 918 347 1679 348 1441 987 924 995 192 456 225 435 365 400 341 3 152 337 928 996 860 997 505 24 17 456 225 435 860 860 17 928 805 744 
1134 260 918 110 361 965 
638 606 965 215 772 627 1277 32 197 928 17 1000 554 99 1001 614 257 144 17 886 1002 928 197 744 860 215 181 428 215 1003 57 860 554 107 77 1005 32 213 456 1139 20 3 356 2336 553 316 924 22 493 181 456 553 1006 1023 1007 912 1008 965 3 691 1009 860 3 984 359 2336 553 3 529 924 17 180 924 428 1010 234 3 803 428 169 947 428 428 1011 711 108 215 729 1012 1013 375 699 17 679 182 456 553 17 54 1016 860 355 215 1318 166 559 42 614 17 1017 1018 928 17 493 1019 1020 965 
36 456 
120 1022 1134 924 3 84 841 865 680 928 456 1024 956 120 621 1134 99 181 17 132 107 496 206 124 299 476 597 680 928 
181 215 1025 181 63 979 965 428 102 1026 206 1136 17 97 1027 928 260 576 936 1413 1028 924 1029 860 24 1030 17 1031 860 1032 928 2363 206 1033 476 99 950 359 17 870 22 463 638 179 928 213 476 99 225 206 17 796 476 1946 181 17 796 476 17 928 77 928 17 456 860 213 924 86 1026 289 860 3 924 1413 32 513 72 1987 913 912 213 341 924 2 1034 1035 918 1036 936 345 17 1037 928 99 218 456 9 925 400 260 482 1038 924 281 1039 17 1040 213 456 1041 1134 1042 3 354 935 928 611 
77 928 276 1043 924 3 916 445 107 1044 1023 1045 1046 958 331 135 400 182 422 745 77 928 17 1047 1048 412 2 924 1049 456 400 143 3 686 376 553 1050 177 214 177 320 133 72 57 17 285 0 57 3 1051 928 1052 181 1053 213 932 32 143 1055 456 1056 
553 108 1023 147 965 17 637 860 400 315 928 1057 107 143 638 1058 17 554 17 1059 1060 17 1031 638 113 1862 965 3 984 918 181 213 638 1413 3 400 435 1061 1062 1063 181 1064 1065 99 532 198 606 965 574 771 463 122 1066 99 1067 
215 936 122 345 1068 161 1069 257 150 1070 43 924 57 3 150 1134 3 102 965 400 456 876 1136 1071 46 622 17 928 1072 400 77 928 1946 196 924 47 1073 860 223 329 32 638 553 1413 185 404 1074 470 40 1075 156 928 251 421 1076 924 1139 1136 1077 1078 924 181 17 912 805 32 928 17 792 521 1016 965 218 422 792 9 1080 2222 766 99 1081 400 456 382 928 17 860 181 456 9 402 1134 107 554 17 158 1082 936 158 1083 77 270 1506 1084 1085 4 8 1506 1083 1086 158 456 181 1087 120 22 1023 1088 206 181 206 1089 75 17 502 597 181 
52 1413 1014 924 699 215 1862 912 383 1090 206 1134 400 206 1136 102 1093 1094 17 91 554 17 1095 860 1139 1096 422 220 276 982 936 345 17 17 360 400 17 1097 928 91 456 3 924 17 1098 928 17 17 935 928 181 795 860 428 936 1413 764 554 91 1099 343 860 965 456 1100 177 32 218 456 3 400 1101 400 17 1098 928 17 1102 1103 206 553 1104 965 99 156 181 206 607 1100 17 370 1105 1106 1107 1108 257 400 99 107 536 17 476 17 66 67 751 17 928 17 370 1105 553 17 102 80 805 99 
52 284 476 17 160 928 233 218 860 1318 319 928 225 181 220 52 428 526 1109 1413 44 215 2577 924 1110 1318 738 646 564 918 110 3 984 965 918 44 215 206 154 924 2 106 206 215 154 924 1111 965 691 860 1112 553 468 400 215 52 388 1134 99 17 1113 928 400 131 206 1115 1115 32 428 1113 928 233 1114 918 1006 1808 1413 39 0 1107 213 638 762 215 591 215 216 924 1116 
3 1118 181 636 213 912 1119 181 108 215 1023 1120 1121 924 17 936 1122 1862 17 806 2222 181 1506 86 213 924 77 928 17 1679 1123 777 597 107 20 257 272 577 32 272 908 924 345 181 17 50 536 272 465 272 1124 860 3 1115 297 68 108 928 428 102 11 928 17 965 17 358 379 185 924 3 1118 181 860 1125 147 109 1023 924 1126 422 638 253 1413 2906 383 638 674 45 463 57 216 924 1110 3 564 476 1127 17 902 928 17 22 206 616 1359 316 924 57 17 924 866 215 924 962 583 
114 1128 888 87 99 456 17 54 225 924 17 1089 616 181 1129 206 198 1413 62 
113 57 99 121 266 215 416 17 924 1413 184 416 1506 936 86 422 3 768 918 1131 428 1132 
924 22 1023 912 135 1836 1139 421 213 19 17 1139 22 1023 621 928 17 260 965 1137 220 215 216 924 135 341 1139 421 928 17 180 213 2577 928 32 291 17 1026 456 22 1023 424 421 1023 245 1141 17 160 928 1318 1142 965 17 1023 965 135 341 1139 421 928 17 180 213 2577 928 32 291 17 1026 456 928 17 259 260 965 135 17 792 400 19 17 1144 1142 928 181 382 554 918 152 1145 1146 22 965 860 1946 972 924 400 576 1147 589 192 17 156 928 251 421 928 17 259 260 2577 924 1078 924 181 17 32 928 276 792 1023 965 400 291 17 1026 107 792 107 1149 1136 3 928 149 1150 181 3 337 928 1151 102 181 17 985 410 341 614 1153 554 276 1154 1155 924 1318 651 1156 928 792 1134 17 259 354 924 177 1157 17 259 260 456 267 20 924 1158 965 132 576 1146 965 157 32 213 456 122 1441 1077 924 1159 3 288 488 928 192 342 1160 877 1146 965 342 343 928 285 456 422 965 22 1023 424 421 1023 1139 49 965 1134 17 260 554 1162 17 924 928 276 1163 965 17 1164 928 17 529 621 965 17 928 259 421 1165 965 17 647 1166 860 3 363 928 1078 924 181 17 73 156 456 20 924 1413 480 192 30 251 31 380 400 805 928 181 1023 135 1136 17 341 480 421 928 341 17 181 1023 351 181 1371 1023 480 341 341 341 341 341 181 181 17 1371 1023 115 1165 965 181 1169 195 463 2577 553 924 1023 9 480 49 680 245 1141 17 160 928 1318 1142 965 17 719 206 1170 1862 928 181 385 556 1171 160 482 44 841 988 57 17 1172 554 410 638 1413 860 1112 206 415 924 1173 17 321 928 322 72 841 206 1136 247 22 965 1174 24 87 181 181 721 617 1134 320 17 697 181 1175 1136 17 393 380 400 181 364 876 932 181 195 860 792 1808 808 721 181 1176 1003 177 62 177 841 580 1078 924 17 860 181 456 1177 1862 924 924 303 203 965 1318 1178 471 1137 1023 965 403 1179 1023 918 110 965 536 928 17 260 402 359 178 456 17 1079 965 576 1136 3 288 768 554 403 341 17 30 1181 860 17 1182 141 17 638 1413 1183 17 27 928 382 17 638 135 1413 1183 965 607 928 99 1185 456 422 1186 1134 141 17 1142 860 99 1023 253 181 1187 1188 924 181 1187 2577 1188 1134 924 860 17 181 638 1413 1183 965 965 107 1136 181 
183 517 182 416 559 215 660 72 274 841 606 924 1189 22 463 965 3 1190 1191 504 924 145 404 924 410 860 181 400 1023 1088 924 1413 400 215 1808 959 1023 476 881 456 3 1193 928 860 238 179 347 400 936 1194 215 445 240 1134 359 841 815 1134 1679 22 638 1195 554 17 1140 607 928 233 428 547 400 440 215 203 860 1196 553 543 215 458 1197 3 1198 1199 553 965 17 130 642 22 52 17 180 552 957 323 3 965 99 261 380 213 638 321 864 928 3 1140 456 3 207 997 1200 924 1201 400 215 458 57 2363 1175 428 1202 181 17 180 428 1060 456 553 17 697 918 1203 24 383 325 86 220 17 464 456 436 912 530 1204 1413 3 918 1023 1318 1054 44 17 206 777 147 1044 17 180 936 1205 957 891 697 965 2363 860 3 646 400 456 993 2336 965 9 130 924 410 99 32 2336 782 400 218 206 42 3 1206 928 22 965 17 463 206 962 965 181 435 2577 1085 14 421 965 17 150 1166 181 99 1207 110 3 1025 250 1208 435 1023 1050 3 855 730 456 9 216 860 215 924 1413 1209 54 1067 924 975 456 924 59 442 181 893 428 235 958 638 1413 3 855 1139 421 504 965 17 114 4 1044 44 215 223 1136 400 0 59 476 881 44 215 1210 183 220 638 975 1430 218 206 17 30 251 421 965 143 
107 468 99 1211 1067 924 150 1070 720 1212 218 792 965 1679 32 0 177 17 482 343 456 181 44 400 17 261 435 1808 47 805 17 1213 32 956 505 928 400 456 1214 1136 888 

99 364 1413 877 606 924 430 181 899 
17 1215 936 435 805 1023 
259 924 99 1216 764 213 150 1217 1152 644 1218 554 143 507 456 971 99 456 457 143 1219 435 206 426 720 289 218 456 3 504 51 185 924 885 209 398 285 1506 213 181 642 928 209 1 110 179 45 463 1220 1125 924 233 347 928 276 135 129 877 77 181 197 22 206 1862 32 642 1221 181 51 38 1222 17 509 1862 422 720 523 1067 181 642 928 213 698 1223 1862 359 35 1139 194 135 2222 2906 143 435 42 206 1222 435 962 965 348 359 1023 736 181 1119 860 3 1152 
379 
22 638 57 422 1836 924 59 965 691 860 928 225 181 1224 400 841 206 320 1225 24 965 1946 358 107 320 775 17 841 206 2906 17 54 841 1227 1228 52 734 924 231 257 912 694 736 181 400 950 177 286 177 3 1045 1229 1134 396 642 22 206 181 52 1224 422 17 
215 1023 36 562 924 1126 422 476 17 
965 564 860 17 180 253 321 924 412 164 924 143 1231 359 1226 993 1413 
76 422 17 500 1232 215 1023 1233 554 1234 928 744 513 400 380 1235 177 375 182 99 341 17 1236 924 1237 1238 860 782 44 2 554 1441 1239 936 17 385 556 282 912 1240 928 1045 359 400 22 206 154 924 1413 1241 965 3 13 1242 17 1025 285 1142 289 404 696 1243 965 1244 912 1277 463 1023 147 181 1679 776 17 1076 435 638 0 1277 999 32 36 924 182 422 44 215 1245 378 
924 111 99 224 1246 
912 17 415 928 213 218 860 3 1152 559 325 1250 1251 17 1252 965 531 121 124 400 218 206 400 120 476 75 17 897 1253 75 17 897 
467 180 576 253 1134 177 456 1254 924 1413 965 206 1318 1255 638 366 213 932 
253 1 57 227 3 880 374 181 335 151 400 1256 22 975 553 181 282 644 860 73 462 141 213 364 1413 481 32 713 345 1203 400 52 762 257 956 213 52 1257 303 209 1134 1258 17 1012 0 3 30 768 374 549 3 1259 430 779 660 213 924 17 798 0 924 
1260 17 144 177 841 410 400 642 928 17 49 924 22 912 553 359 325 585 1261 1902 177 17 359 256 35 871 44 213 177 1506 3 855 1139 22 52 1023 621 1136 624 17 1679 935 400 638 388 1134 142 
1262 107 805 1862 928 
1263 428 1264 456 143 1266 177 3 1267 912 1268 965 67 1269 38 17 928 1270 841 206 463 2336 642 339 1271 67 456 1272 3 343 1134 181 285 435 0 416 3 1273 1274 341 131 445 67 1275 476 85 1173 117 832 928 3 456 185 924 975 209 9 1278 928 1277 54 928 235 1 47 1140 1279 110 320 
1318 181 412 2 924 17 13 1280 841 638 1413 804 209 179 220 213 456 1031 456 198 86 3 297 68 435 1023 924 80 860 456 553 936 215 1413 359 108 928 99 
1281 691 965 537 1282 1808 1023 1318 1283 554 17 928 17 215 206 185 924 257 1862 181 654 257 1318 215 430 440 419 108 215 517 452 17 798 181 775 192 936 975 359 505 72 17 531 775 17 1284 928 1253 975 775 400 99 928 285 456 422 3 408 187 1139 550 285 344 422 928 22 400 841 344 690 1285 928 22 213 181 400 456 3 1286 215 775 956 759 2363 186 982 86 400 285 156 181 1288 904 227 464 206 215 667 215 2336 1289 468 400 99 456 3 1115 610 641 181 1290 924 0 77 928 17 120 32 860 257 1291 107 17 642 0 238 819 110 17 965 200 924 282 17 517 238 556 956 120 22 388 834 428 591 965 1946 642 218 456 3 610 1293 456 505 505 1139 35 213 456 3 750 260 177 505 177 17 17 344 1294 456 1139 276 1295 321 177 1296 177 17 159 52 1413 552 699 956 215 1297 553 1318 518 181 179 956 924 96 181 452 1045 536 928 143 798 456 924 1285 456 476 17 
1298 877 264 1134 
1299 
638 1023 505 430 1002 257 181 1300 924 452 227 400 1301 1041 1302 1023 452 400 721 1303 924 1413 17 2 924 476 17 451 1304 965 721 965 17 755 1045 1242 1305 1862 1306 44 99 107 17 261 924 1023 197 504 1134 457 181 52 174 52 1413 17 897 44 215 644 924 169 17 403 1308 68 52 1413 1300 44 218 107 3 1309 748 965 2363 1310 721 218 456 3 261 151 1311 272 107 320 1088 860 745 32 213 506 17 629 103 456 400 272 456 857 44 215 945 924 1109 924 57 247 181 412 1023 3 711 860 834 383 107 3 1312 284 117 554 17 928 276 206 32 253 220 107 1313 870 965 1314 528 3 1106 918 1026 1359 185 404 924 766 181 110 1315 3 965 463 2577 924 965 17 1317 1026 564 1260 924 59 881 1134 67 1306 475 400 151 554 17 1319 99 382 400 17 134 67 965 3 1320 308 67 965 213 107 1260 44 45 2577 924 1321 1322 924 1320 1323 1946 1324 1124 196 924 675 181 924 181 654 1946 1325 860 1326 732 553 400 347 928 2363 1320 2577 17 180 918 2577 17 177 400 357 456 33 1327 435 638 47 421 928 942 24 99 17 1328 177 197 22 412 282 177 924 1329 554 103 177 978 1017 107 614 892 17 1317 181 978 412 47 17 266 860 412 410 1331 22 638 182 376 3 1312 1332 
937 1333 1136 936 86 215 924 17 935 928 17 49 1334 376 1134 471 936 165 99 376 924 1329 912 471 103 181 290 234 1078 924 197 1336 218 206 120 924 1679 
456 143 30 225 504 924 99 1216 32 330 215 
215 412 660 32 434 456 3 218 3 935 860 99 1318 1337 32 1023 347 928 17 157 
206 215 359 660 
1003 17 180 309 3 953 924 699 
928 945 956 99 180 397 577 24 3 101 507 924 257 1339 107 860 3 444 400 313 17 177 215 654 1340 3 377 924 3 3 
253 
456 17 532 1343 181 242 860 978 924 435 1023 9 35 456 99 504 1134 3 67 17 928 385 924 1344 17 400 400 1345 1346 17 1347 127 1862 17 360 831 1348 107 253 218 912 1349 909 476 17 897 225 177 17 638 1413 1350 965 387 250 364 20 99 965 3 1084 456 602 918 1352 965 1353 181 902 965 364 1413 17 705 400 2363 796 400 206 543 181 918 411 965 862 924 440 1946 77 225 206 17 787 642 456 213 456 185 924 464 1679 643 177 375 924 276 463 729 181 99 1354 128 965 17 615 928 
553 185 924 1413 159 75 257 1066 400 44 17 306 928 99 285 206 17 642 1355 130 456 924 57 1356 144 887 1808 215 2 924 17 206 17 1113 215 1023 17 285 164 924 789 1357 159 309 924 2 924 17 638 1358 185 924 17 13 870 2222 400 143 783 456 1331 638 86 99 1304 928 26 3 855 928 1360 965 99 1361 206 120 852 1362 400 1303 32 213 936 870 1363 3 1115 777 156 928 744 2336 189 177 1318 762 257 956 181 143 181 1364 75 257 1365 99 259 1304 928 213 456 135 17 576 456 17 965 1366 924 428 1367 435 1023 1368 928 928 181 435 1370 99 1185 928 209 638 1413 3 523 32 1139 456 956 924 182 422 99 1073 181 185 924 222 99 1367 32 776 924 17 435 1372 17 1023 253 965 120 1174 99 1367 181 120 1373 1023 1372 197 301 808 721 720 225 435 2 932 803 1277 946 30 181 72 435 2 1374 860 421 912 1154 435 1023 3 476 1374 435 345 400 17 783 456 435 638 2 924 17 13 965 68 456 1277 940 1375 928 181 924 17 285 1151 744 805 182 400 285 456 553 3 177 297 177 17 181 793 206 330 215 
456 
182 1090 504 1862 928 468 841 206 17 616 1359 841 1023 3 1212 924 158 860 17 180 456 3 427 400 376 130 1139 213 1377 456 1134 3 196 476 35 99 107 361 1379 1136 553 120 157 680 928 3 1350 412 215 609 35 376 553 607 928 1381 32 852 1382 1134 186 206 38 400 17 360 400 642 1373 1023 1383 1384 178 1385 17 902 928 17 1386 544 416 347 935 554 347 928 428 456 400 1441 505 180 341 3 342 343 928 468 456 3 132 1134 99 180 680 928 965 267 3 268 456 342 343 860 17 571 965 150 984 456 1388 415 924 1413 267 213 107 1389 400 860 272 1137 1671 185 462 1134 498 412 1391 
215 274 410 213 52 1413 1139 20 400 17 180 1392 1134 17 576 456 496 1311 17 459 456 1186 1393 1094 17 1134 17 553 163 114 924 213 177 215 553 246 928 1318 141 3 44 213 274 428 201 456 536 213 85 266 1318 1142 928 99 1252 274 1394 515 468 1318 1395 400 107 181 85 266 1318 1142 428 1 1396 925 456 554 143 1397 1134 3 736 1398 0 24 99 115 1134 285 1134 962 215 110 836 77 459 400 923 1318 1142 338 177 214 177 142 44 215 1023 3 507 554 956 17 180 17 459 181 923 1318 1142 928 99 1269 215 1808 44 215 182 400 456 1506 281 461 227 553 1400 1401 509 480 1402 17 865 14 105 1134 17 1115 1403 515 359 1404 46 1139 213 1134 3 762 257 428 1405 257 956 215 182 17 180 1406 924 400 459 181 638 762 215 35 515 496 1407 1408 805 536 215 416 627 1862 860 493 912 1318 101 1405 1409 945 220 215 181 135 515 1441 987 995 227 1398 912 805 1410 928 700 181 308 1411 3 581 181 459 1412 924 282 1134 1414 3 1139 20 428 317 613 99 456 73 1415 553 3 1416 438 206 17 787 1318 507 17 115 456 554 215 924 652 215 924 3 1128 215 1023 347 93 956 276 919 208 257 924 652 400 1318 1417 456 3 1 182 213 528 3 924 830 400 77 932 1252 1418 536 213 456 581 400 1318 180 52 266 476 99 22 924 1413 157 965 1902 3 1419 68 341 335 1420 1421 51 428 1413 1014 924 762 215 35 400 456 114 924 294 641 912 428 180 507 456 400 99 456 3 1027 1423 99 456 3 33 259 380 129 870 1026 1424 213 364 1023 1134 3 17 764 99 965 17 85 762 45 181 107 99 476 17 17 180 107 1092 965 17 456 114 924 1192 536 841 1425 17 928 17 180 359 439 52 1023 764 1862 17 180 107 965 3 459 1136 559 456 17 928 1318 1426 99 1392 213 1134 17 524 864 1427 581 
962 1428 506 924 1429 642 928 792 181 318 274 215 57 17 1373 156 271 1399 975 215 1023 325 1431 918 962 531 345 1203 1432 17 156 188 
1433 366 860 378 
130 47 213 80 284 24 1318 518 965 3 599 225 1862 924 1073 181 553 163 422 320 99 4 3 1434 476 17 111 928 17 270 238 160 428 385 213 1435 
1902 771 1023 9 159 456 22 638 122 440 924 836 1436 456 1437 1438 657 213 3 902 
1401 143 912 9 860 120 289 135 72 1439 17 306 870 860 924 2222 3 1 182 215 775 147 924 1413 227 364 1413 436 32 182 129 3 188 1212 860 439 924 1413 1146 965 3 1440 1395 233 99 
892 860 17 499 1057 0 80 197 1443 928 1444 924 17 2222 703 215 860 456 35 456 17 332 376 1441 892 22 554 1445 181 928 206 24 17 1679 1023 3 308 1212 928 320 
215 498 439 388 554 17 26 18 928 22 924 17 752 684 24 531 617 745 359 215 10 177 286 213 181 1023 746 745 993 219 213 2 181 57 722 1136 1446 137 1808 181 279 213 746 348 206 215 271 936 1245 841 1023 17 9 642 928 17 225 17 1105 206 1441 1447 924 975 765 182 213 107 150 1367 3 434 463 1146 831 1055 146 416 1448 965 2577 554 17 876 860 289 1359 146 233 640 17 928 206 553 177 1449 177 213 918 841 206 0 1441 1447 924 975 765 206 
614 143 676 442 3 1451 215 1452 703 206 215 553 339 422 805 22 373 1134 285 181 1679 179 841 206 924 1453 3 879 24 703 206 959 1115 288 476 99 225 928 798 456 
1454 476 805 213 
72 107 599 181 285 72 289 390 
0 528 400 297 924 1456 
17 156 928 22 463 780 1457 965 1458 177 213 887 975 215 160 1318 1144 348 1136 276 476 752 206 215 667 1023 310 965 1134 285 965 17 103 359 302 924 1413 1318 1459 99 768 35 1260 3 1337 924 57 607 928 860 1015 1044 1460 1265 1461 253 1023 3 259 1050 339 422 99 
99 175 464 212 
396 847 936 215 1288 877 912 3 456 505 1139 1463 860 956 1296 117 206 
509 1464 497 554 99 180 130 404 965 1077 107 42 1025 103 404 1506 536 364 696 1115 286 928 928 1228 107 945 220 274 99 225 371 1069 181 181 805 17 130 924 891 17 225 213 12 213 2577 3 641 150 268 213 107 42 1441 
17 30 1465 928 428 1466 262 924 1807 213 1506 435 1808 553 1413 1467 476 17 975 553 556 220 456 185 554 143 1350 2336 355 143 1468 554 17 181 956 213 506 24 197 22 218 206 450 912 543 1469 24 181 576 206 860 218 1204 1413 3 1240 860 99 44 1318 1398 1470 17 1465 400 121 257 1302 456 956 1679 643 206 476 160 0 536 17 603 965 1902 3 181 924 1413 941 2336 667 422 17 22 400 1471 965 99 181 553 17 1144 456 17 418 225 36 24 99 857 965 17 647 1026 1472 661 1134 17 1142 965 30 1473 107 241 360 1389 554 745 912 17 400 240 667 422 17 22 463 1471 965 99 650 924 197 1474 213 456 1475 924 1117 181 118 524 965 360 965 197 1476 928 213 456 602 3 143 928 17 63 715 110 44 213 3 1465 928 745 213 122 1477 181 213 456 36 400 1478 962 965 3 1328 543 181 524 1479 181 1469 928 99 1480 456 553 184 17 22 928 924 32 253 22 1134 1679 643 400 1023 661 924 975 912 400 32 206 1448 965 17 225 965 289 400 36 24 99 1481 428 236 400 2336 185 924 227 253 936 215 313 1203 2336 468 918 1807 1482 870 1483 412 179 422 1484 412 36 215 412 1396 542 993 124 1318 1485 347 928 215 965 99 1486 17 529 2336 438 516 412 179 1354 44 240 320 206 197 1151 590 32 860 17 642 1465 52 86 1203 382 1265 912 3 1383 1487 928 1488 335 382 841 213 215 143 234 928 17 596 400 107 99 50 1862 928 32 110 44 1489 17 400 17 137 456 521 971 400 215 1490 143 1473 400 99 50 456 1115 576 107 77 928 17 633 107 316 924 44 17 137 456 521 2363 610 924 17 456 17 50 553 147 860 257 924 17 22 181 17 715 400 869 99 924 213 1064 44 3 1375 400 456 919 501 2363 113 1134 22 463 313 17 179 22 912 276 182 2336 185 924 124 607 928 3 770 463 506 924 1175 607 928 313 1491 17 928 143 1492 146 2336 553 17 1493 99 924 3 782 1474 965 1946 17 137 110 333 213 1494 924 118 524 215 382 359 220 2336 603 24 17 137 553 2906 1203 422 745 412 1495 924 452 143 1496 918 1288 924 17 1115 941 800 2336 553 468 841 1497 745 32 2336 39 1467 476 17 44 240 320 179 553 805 22 729 524 32 44 218 456 3 1498 1398 400 380 400 218 456 1240 860 117 24 383 197 1474 543 524 1469 456 1475 965 1946 181 345 400 1115 181 181 213 120 22 924 400 364 1499 1413 1023 42 1500 444 107 0 1501 554 3 798 0 860 320 1190 928 17 177 17 828 32 143 444 274 553 1023 107 1293 1502 213 539 32 274 370 1503 400 2336 667 1030 422 17 22 463 1471 181 553 17 1144 
435 57 1679 918 17 1371 1505 1506 435 376 1441 892 924 44 1507 218 52 1413 856 181 17 402 1508 2906 554 143 928 3 1115 325 181 928 17 
1115 1300 422 17 545 215 1511 107 17 1009 720 540 850 1170 276 903 213 170 860 22 924 1511 206 215 649 422 17 22 463 218 181 17 

416 1512 912 536 17 1513 1115 1356 181 17 306 740 663 956 505 17 456 1514 924 376 1139 1515 341 17 1236 924 3 188 435 53 268 5 213 107 1516 924 181 22 468 400 376 185 924 321 924 17 902 928 17 544 135 213 206 215 667 225 376 285 416 1517 17 44 376 456 3 1518 928 1519 1520 912 3 928 
1521 1522 46 185 924 3 1517 25 151 1203 422 17 1523 476 320 14 421 181 2336 1524 1414 185 554 912 383 1525 2 924 17 13 554 2678 909 1808 654 1318 181 400 909 245 1023 113 804 860 17 180 32 44 909 1527 924 17 181 341 745 909 638 1139 744 1530 44 909 100 965 189 44 909 456 978 206 38 163 400 909 52 20 1413 44 909 698 42 1023 227 764 400 218 206 325 1532 860 1115 700 1533 17 1534 1128 860 699 206 1535 143 370 44 215 440 267 215 206 860 1536 1059 1134 17 1476 1265 206 197 928 17 642 1537 965 17 348 181 44 515 834 515 1538 515 834 515 1538 1538 181 428 206 1046 860 428 1539 457 554 1534 32 215 122 936 1862 928 1540 44 215 57 172 17 1541 965 167 213 924 2678 1152 965 17 928 347 364 1023 1134 215 713 762 141 439 341 0 1136 644 476 230 215 182 215 936 762 1136 1 46 4 181 841 936 1094 17 77 456 805 554 17 264 660 46 805 32 1433 456 220 312 667 422 549 1026 928 1523 965 206 
890 143 1543 456 1008 860 333 1139 338 1946 1134 222 1544 1545 1546 928 205 1371 984 400 863 456 531 567 17 1283 99 341 554 1543 456 1134 181 1220 924 349 289 269 2678 1073 456 122 953 965 159 506 393 181 241 193 912 181 452 3 855 928 1547 965 69 509 17 150 646 928 835 936 762 400 218 206 3 855 928 1547 965 422 22 1134 181 965 456 670 120 22 805 206 498 181 206 1372 323 1372 860 259 768 181 359 802 122 80 400 642 22 206 17 181 965 17 1679 235 151 3 1549 476 3 1550 554 1134 3 1045 1023 924 3 1136 197 1552 529 965 1553 965 3 627 918 36 389 400 953 1554 181 1555 638 1556 17 902 924 428 928 17 1045 196 227 412 182 327 24 99 638 150 1557 17 1558 1559 918 1560 400 1240 456 1134 3 924 1561 
912 3 1562 1136 150 7 554 192 17 897 860 385 386 895 463 2577 263 924 17 157 638 1413 1088 639 412 164 24 965 143 
841 213 0 1134 22 504 1134 918 159 
1443 928 1067 456 17 828 841 1023 17 1134 17 1563 476 870 748 554 17 1564 456 400 312 805 476 17 897 967 181 44 435 57 924 169 17 1268 435 1565 17 912 17 371 1318 928 159 320 359 1566 1808 1413 181 553 860 686 476 277 928 66 385 828 99 693 1413 3 325 1567 1139 579 181 267 1568 554 2363 995 614 77 181 772 213 107 965 214 1570 3 1571 32 122 1572 614 3 700 278 476 72 316 924 699 66 456 3 66 400 1573 1371 1679 70 1575 1576 177 3 1577 181 1578 435 805 3 523 243 1139 1579 181 267 32 435 975 72 213 1418 325 181 357 838 435 805 919 1023 17 1580 924 699 1061 181 182 860 46 3 1312 1581 924 1582 400 1583 860 17 1385 1006 72 321 553 1584 107 17 436 130 924 410 408 1134 17 225 17 180 107 1585 1359 17 1134 312 913 912 1265 215 1023 3 325 201 181 86 3 297 225 924 110 440 476 327 24 703 143 43 924 17 850 635 181 1586 608 928 736 181 1119 400 638 122 1413 40 924 729 3 768 1134 559 17 180 1587 912 736 181 936 59 17 180 698 109 2 1862 918 729 1296 736 181 1061 1132 1136 1584 17 1235 1586 0 965 31 618 1136 553 1117 698 663 72 515 316 924 303 3 332 965 1588 365 1589 143 1419 129 9 323 22 75 924 1110 400 1132 554 924 975 117 400 841 713 53 143 1026 638 1413 218 456 347 144 99 638 1413 3 22 1293 435 1 216 3 1590 0 77 400 220 975 17 721 400 159 3 777 1591 928 36 430 661 315 928 1592 965 17 1063 0 177 505 177 45 562 32 959 969 924 
924 257 24 1987 3 523 
1594 170 218 206 9 918 1593 1566 841 936 1595 1427 841 936 181 841 936 1023 308 342 
182 1413 191 707 214 860 17 63 744 805 928 206 1134 181 151 661 422 17 1596 213 495 181 764 841 1597 17 1598 860 4 924 860 63 259 1185 661 782 422 44 918 72 1125 213 860 1131 68 17 181 1679 206 1597 66 456 400 435 1125 17 22 206 1315 236 721 181 435 182 213 10 1413 42 539 0 965 319 177 120 22 222 924 965 299 
556 767 1023 9 481 860 918 110 9 456 198 1061 17 84 476 54 206 349 599 1393 181 183 44 9 359 1506 17 1599 60 
223 214 422 3 916 266 1586 721 125 924 1600 143 215 164 924 2 805 1862 57 3 

44 428 1601 510 745 642 20 957 213 44 1671 48 181 
206 361 1136 181 341 400 638 876 17 469 445 841 206 469 400 347 1602 638 1023 876 1421 638 1603 1023 32 841 206 181 733 928 3 459 181 412 975 396 1140 1604 206 1134 852 143 181 965 2336 1318 1605 22 179 181 366 912 206 553 71 194 476 17 451 379 435 216 456 1318 87 1200 99 400 347 1134 3 347 463 1606 881 536 928 571 860 918 45 965 1946 77 1607 52 2 3 297 130 924 834 22 223 1139 1608 422 70 341 703 412 47 347 512 137 99 536 928 1368 181 1609 400 22 52 1610 1271 1203 256 17 1588 17 137 1611 1612 145 622 3 268 924 322 924 99 924 99 965 877 444 379 456 553 3 1031 457 554 1317 366 912 379 379 379 379 181 831 96 1614 341 712 456 1318 1031 912 17 1615 1134 154 924 975 99 489 177 841 1589 912 1679 1386 1946 1031 1616 359 1617 841 2577 17 1609 924 213 181 1618 99 379 379 379 379 553 1619 912 260 32 3 1106 17 1620 353 400 341 965 181 415 924 1413 177 192 77 928 17 30 614 379 379 379 379 216 924 158 400 213 313 1318 585 456 181 17 585 1621 1023 400 313 1318 482 918 440 1154 792 280 379 379 379 379 1413 476 277 599 928 17 1622 299 453 353 1593 476 277 599 928 149 1359 313 121 1623 17 144 72 272 924 227 382 400 3 332 1624 1625 52 1413 421 965 3 1296 181 651 140 400 52 216 924 1413 1289 651 181 17 563 1067 456 924 475 3 356 1083 181 123 52 1413 965 1419 439 364 1626 257 965 206 841 1584 918 457 860 261 1627 0 26 17 400 17 279 932 1265 181 682 924 1628 17 1629 924 17 66 359 215 412 924 99 32 452 17 453 181 379 456 553 3 1031 457 554 1317 366 912 379 379 181 831 96 1614 341 712 456 1318 1031 912 17 1615 1134 154 924 975 99 489 177 841 1589 912 1679 1386 1946 1031 1616 359 1617 841 2577 17 1609 924 213 181 1618 99 379 379 553 1619 912 260 32 3 1106 17 1620 353 400 341 965 181 415 924 1413 177 192 77 928 17 30 614 379 379 216 924 158 400 213 313 1318 585 456 181 17 585 1621 1023 400 313 1318 482 918 440 1154 792 280 379 379 1413 476 277 599 928 17 1622 299 453 353 1593 476 277 599 928 149 1359 181 631 498 452 17 32 1617 841 1028 197 1317 180 181 218 107 147 860 924 1197 3 1630 860 1631 1134 17 549 965 181 452 17 1622 299 453 310 99 554 32 860 159 456 553 3 1031 457 554 1317 366 912 181 831 96 1614 341 712 456 1318 1031 912 17 1615 1134 154 924 975 99 489 177 841 1589 912 1679 1386 1946 1031 1616 359 1617 841 2577 17 1609 924 213 181 1618 99 553 1619 912 260 32 3 1106 17 1620 353 400 341 965 181 415 924 1413 177 192 77 928 17 30 614 216 924 158 400 213 313 1318 585 456 181 17 585 1621 1023 400 313 1318 482 918 440 1154 792 280 1413 476 277 599 928 17 1622 299 453 353 1593 476 277 599 928 149 1359 
1016 456 233 924 378 452 17 30 225 177 17 418 177 479 1633 74 1634 435 805 216 924 781 1635 107 1306 181 17 259 1130 206 208 1636 956 24 924 47 213 2 1637 435 606 292 1139 22 912 73 1002 838 107 177 553 157 150 1070 215 860 2906 703 206 1476 965 428 1428 151 670 359 735 3 243 400 841 870 426 209 422 77 928 1085 215 860 489 117 936 1638 965 17 360 400 14 421 1220 404 179 99 456 3 33 759 32 1241 965 3 777 1639 912 1640 1641 17 1220 912 3 251 31 143 890 1597 17 1639 860 1166 181 2577 1642 113 965 576 1104 259 697 181 965 288 909 107 965 2678 181 325 181 1643 562 965 17 1639 918 1611 1448 227 107 965 143 1077 912 1318 206 965 3 332 250 211 32 59 1084 1015 946 181 169 66 1476 860 3 243 72 215 1227 924 1644 912 215 72 428 1460 510 
213 942 924 957 17 215 860 428 1623 213 353 
206 1645 184 107 1134 17 1115 
1646 388 1648 1647 1646 1649 1650 1648 1651 1647 1647 1646 1654 
149 1041 404 1083 860 928 14 
128 1655 103 
959 29 860 30 553 965 681 181 99 1303 924 1413 213 920 860 346 924 179 177 286 253 382 400 3 529 531 72 1593 553 671 121 124 220 1593 1024 505 210 107 246 928 17 160 181 2222 831 1137 529 107 553 554 831 181 218 456 9 924 1679 648 909 1656 1657 366 860 
143 852 1007 965 1008 912 1658 376 553 1115 1659 841 181 805 17 1016 323 347 996 860 45 1028 924 366 965 3 181 554 17 860 1660 1228 1454 928 803 1946 946 756 359 110 17 1661 364 1566 57 157 17 251 421 320 553 92 506 24 3 325 427 376 553 1441 489 215 110 452 17 798 660 17 1663 256 965 17 475 181 110 965 17 348 554 17 215 164 924 2 428 1602 177 3 101 1441 924 452 1413 143 213 341 553 251 123 918 553 17 434 107 247 1664 122 57 1665 1666 1119 965 37 1862 17 441 614 1136 554 17 1318 7 297 32 1667 39 325 35 17 186 965 206 359 1668 732 182 215 1023 924 696 400 473 38 205 106 205 928 22 247 476 881 965 463 206 393 181 553 185 924 17 870 22 400 975 2 924 17 13 206 17 1115 247 787 463 206 1669 253 1139 20 924 1670 107 1154 965 400 261 32 20 120 254 447 108 44 630 1209 879 554 17 839 195 680 928 1101 400 272 456 320 1183 272 469 291 2363 435 1023 251 400 841 206 1672 553 17 1673 456 400 215 936 452 17 1144 475 860 44 534 805 1987 2906 1265 456 834 181 291 924 
1674 99 890 341 234 1675 359 215 38 335 110 400 3 297 736 1676 1235 1678 181 341 1028 1675 965 445 456 965 17 1079 554 17 1514 924 476 456 17 156 77 348 965 17 1079 924 854 3 181 473 110 3 301 213 181 418 1680 0 567 476 1946 924 82 3 1681 936 716 924 912 919 17 755 1682 965 17 544 
924 1683 422 17 337 928 502 1684 181 253 422 17 1128 928 928 17 758 529 965 122 912 400 452 805 1547 181 1685 52 1556 181 691 476 860 1112 
17 1686 928 17 141 110 181 203 736 206 426 924 113 965 924 366 110 44 1593 
14 421 965 1088 965 
52 215 1413 875 400 439 953 912 3 247 529 364 253 57 206 213 24 17 20 1946 962 554 1023 17 1644 924 169 22 24 215 454 1590 24 215 206 965 99 1687 379 1023 9 462 456 381 642 928 17 68 99 1001 456 422 3 610 1688 1413 1475 549 965 99 1001 57 554 17 352 686 1689 456 1690 297 147 72 213 1041 924 1691 320 924 642 928 17 544 1556 1862 17 1614 928 22 463 1023 213 32 1023 1902 790 1261 841 412 2 924 17 924 282 428 928 276 195 42 2577 400 177 17 1692 860 342 343 456 1688 456 
422 222 359 912 110 43 218 107 1695 181 1349 1472 359 928 1031 1696 965 422 1697 928 1031 1696 965 422 1697 
1134 218 456 1289 9 130 22 1134 638 1698 924 17 918 1699 75 17 928 17 597 936 1700 3 1045 793 965 17 400 440 445 841 42 1023 1121 924 17 54 145 181 1049 549 870 2 924 17 1702 3 1115 882 928 17 980 1703 181 17 224 1704 1703 456 912 197 1304 928 385 359 841 1023 1121 924 3 694 385 592 400 936 1566 86 556 928 3 50 24 17 260 181 505 340 17 587 1703 936 153 1023 1132 924 1700 1705 567 171 205 928 1706 965 17 17 66 385 592 965 456 39 213 1023 347 1708 913 912 17 52 1023 924 1413 36 505 505 340 924 1275 17 1060 412 124 17 180 870 344 918 3 663 928 225 17 156 928 421 19 1331 920 440 213 137 251 17 1709 928 1327 421 1306 181 1139 1379 811 965 928 456 20 924 1413 251 177 157 1136 390 1710 463 341 924 181 341 860 3 835 1318 435 3 50 141 22 52 516 1946 1711 924 2 1712 1713 1506 52 1413 1664 638 38 86 3 768 638 38 86 3 768 251 1327 421 928 638 38 1413 251 1136 768 390 463 341 924 341 860 3 1714 259 1327 421 1379 811 860 1327 421 965 17 348 564 17 156 928 421 680 638 449 17 357 17 104 400 17 261 107 553 260 
17 897 435 1023 75 1715 463 206 157 1715 343 506 17 224 1073 245 1413 1055 181 1026 1716 456 3 338 768 1088 32 206 671 775 745 841 206 135 1088 1086 1134 104 456 17 210 181 831 218 206 135 3 363 928 1717 251 421 965 457 554 17 17 1049 513 400 17 1348 181 1026 1679 1316 638 253 158 379 1134 179 945 72 17 150 780 353 422 77 928 17 1719 400 225 17 64 107 122 323 435 122 179 945 72 17 571 181 1720 554 703 379 1134 114 1721 924 1371 1679 918 1722 1371 1679 52 553 1413 147 924 266 1318 317 928 17 965 972 924 1318 1134 3 463 2577 1260 422 17 379 1134 52 1413 349 564 314 928 209 965 1723 928 353 17 1724 928 357 456 1115 341 924 554 357 1134 17 512 544 379 928 1554 928 17 1073 456 338 3 768 1725 177 1073 1636 400 1023 553 670 1088 1084 206 1086 379 1134 1023 279 17 1073 965 77 353 1325 164 924 1413 821 912 1946 1719 1073 341 1026 1316 924 17 1726 928 351 181 1318 379 1134 17 1727 1728 928 669 17 306 206 1090 476 379 1134 1073 341 480 924 17 2222 17 425 740 1729 924 1413 912 17 1073 2577 965 263 860 1139 1730 17 150 835 912 456 1318 912 103 1178 805 475 3 922 1318 379 1732 1733 1734 388 1735 379 1651 1734 1650 240 965 1648 1646 1736 1736 456 3 748 251 181 379 17 1630 912 3 928 17 764 400 17 642 448 1026 928 1737 181 576 1425 928 17 107 1139 924 17 537 180 1269 1425 422 928 17 181 17 180 1269 1425 422 928 17 379 1650 1650 1734 1738 456 1134 90 453 206 1739 17 456 456 17 922 1152 456 17 743 1740 1134 17 1095 1682 379 379 454 379 379 181 1741 1742 1136 3 1682 860 17 1696 500 321 928 17 1027 260 400 965 965 965 456 17 1744 400 912 1139 1022 379 1744 1682 456 457 554 17 1745 928 1356 1746 181 456 1318 928 3 1682 965 965 17 1081 928 126 251 860 17 602 319 107 213 1747 860 1748 691 918 1154 218 364 1413 157 559 364 1413 445 17 107 1749 181 642 22 1303 924 59 476 881 181 169 
321 936 803 1946 181 721 699 215 696 553 924 975 1331 476 277 912 428 1750 181 215 22 1136 1432 428 1751 965 1946 181 1506 965 17 17 1140 38 109 975 347 325 476 398 400 924 17 1752 918 3 918 1753 215 1134 947 428 1752 918 1011 428 535 928 233 17 721 1221 3 32 841 936 1058 428 535 1136 924 1285 44 1754 235 181 456 253 1755 1946 1752 181 313 3 121 325 93 177 297 177 128 213 912 325 213 1573 17 371 32 215 1 428 834 17 160 505 22 808 181 32 400 698 660 3 362 1140 109 594 1756 428 1212 928 233 3 180 24 99 44 428 1750 181 1752 206 321 359 1203 400 1753 3 456 185 924 594 215 1375 325 965 215 206 267 20 924 57 1278 928 220 69 509 121 257 924 231 1433 400 206 17 17 30 1107 32 161 
456 441 928 3 1757 604 841 2577 467 141 17 1584 181 197 220 382 107 1139 170 1002 415 181 218 206 197 325 965 17 1687 430 364 206 903 422 703 841 206 918 841 57 44 841 179 215 206 110 766 103 422 227 1586 608 928 213 1023 721 860 143 114 1679 456 516 487 42 1674 965 1318 1758 1028 924 400 924 440 667 554 17 1319 1135 554 206 468 218 456 9 925 400 213 638 680 181 347 843 529 1759 476 400 181 56 213 1760 52 182 45 912 170 503 463 397 75 1318 403 1808 86 411 841 47 197 213 965 17 99 956 385 556 1171 965 17 416 157 912 415 860 108 272 107 667 422 1555 78 215 924 182 1761 
225 924 781 1862 17 58 
1762 281 
107 1318 1763 400 107 435 1023 1026 1765 928 400 57 1665 181 580 585 864 181 276 400 99 3 73 17 73 1079 1366 928 965 181 1023 2577 3 1767 181 1767 445 17 30 103 1764 1421 553 1768 1561 274 780 17 13 924 1326 3 928 965 3 1010 400 10 870 1413 251 1136 689 189 9 93 44 256 325 1056 1769 1756 1023 
22 638 86 177 248 2222 17 177 135 17 1770 181 456 198 82 1139 924 17 201 928 576 456 3 523 924 928 257 32 77 936 80 684 481 2336 2906 3 1465 225 1434 965 181 936 39 505 174 1115 463 456 181 463 456 553 206 253 1115 33 1772 17 4 400 841 858 924 900 213 870 17 102 243 17 985 137 456 253 928 99 
1228 841 53 456 3 348 400 1946 1268 965 918 860 682 
379 213 456 965 163 559 213 510 965 3 500 1252 213 638 1413 428 1347 1774 47 17 1775 
554 282 468 1441 72 667 422 17 342 32 220 292 456 1134 805 17 282 99 841 179 130 1139 209 181 841 1023 1047 924 282 667 422 400 206 435 936 0 80 181 1068 9 0 1 1495 179 327 400 698 399 143 44 215 1776 924 1391 197 554 1777 515 1 121 1778 
213 1779 17 10 1413 554 888 1780 841 213 3 855 928 1679 117 1023 924 57 218 456 1391 965 17 42 1763 213 10 553 1413 642 643 213 456 32 1048 309 839 1494 1781 855 928 25 804 2363 87 1691 670 965 3 855 928 1424 376 536 22 412 17 17 897 130 22 164 642 22 1023 553 313 276 610 23 1593 3 130 1862 928 412 164 924 121 1007 213 1302 993 0 567 177 782 3 33 1782 1067 924 53 
174 439 456 99 1862 912 288 462 387 860 3 1084 1784 1785 766 400 117 245 489 1430 152 306 1786 1533 412 1023 17 935 2336 1318 518 
574 912 428 691 215 756 1358 1787 2222 805 142 
364 1413 184 740 17 1139 1789 181 442 1790 928 99 99 924 111 470 
500 181 888 206 32 553 
220 1807 99 805 313 660 1791 553 185 924 1792 72 410 107 993 194 72 43 1793 924 117 1152 486 400 214 0 185 965 508 860 844 3 1794 456 677 1862 181 60 454 1134 675 181 282 3 554 117 181 1495 661 341 1795 60 117 181 992 1041 932 1527 421 928 1439 320 1028 860 793 1269 257 177 476 17 225 965 1527 75 17 1079 606 924 86 1372 1611 426 553 924 416 99 1796 135 1023 99 475 113 1862 576 1797 201 1798 257 177 1799 400 1023 39 505 491 17 668 1800 554 99 77 92 92 1106 1801 1783 147 32 841 253 1802 1594 1106 924 499 177 924 141 213 1464 1796 711 686 256 0 257 1836 3 1732 451 163 1134 17 606 181 185 17 633 376 959 1802 177 1044 99 456 36 99 456 3 243 928 3 794 143 1803 1862 404 924 143 1347 1804 1807 99 475 1805 376 553 1209 32 258 376 1806 220 1807 17 1805 213 660 435 1023 1318 1037 928 185 75 918 456 213 36 178 267 99 3 563 261 1413 965 422 924 1166 
1607 1393 1134 17 1564 860 3 860 3 270 476 1318 1427 181 197 1479 185 924 1306 32 456 42 1862 928 347 1433 422 1394 713 345 173 46 553 805 476 1430 965 77 1809 24 3 224 348 33 965 1902 3 500 1079 435 1023 135 52 266 1811 1812 1862 553 0 965 421 1221 145 181 1049 860 17 824 155 928 195 1514 924 17 131 965 627 3 936 975 703 99 261 17 638 1413 1134 469 181 17 250 691 17 456 73 181 439 17 
531 121 807 1441 120 1134 17 290 364 660 347 928 2363 528 3 1152 860 22 924 359 17 792 206 1441 259 680 928 924 1413 1426 22 359 912 17 322 206 267 20 924 1413 965 206 359 218 206 1139 583 463 206 1836 306 206 1813 881 965 536 145 206 267 22 206 320 965 834 17 132 343 1303 928 1679 117 805 476 99 1250 463 
965 1221 185 924 588 
17 102 1049 1265 638 553 57 422 17 180 1506 841 638 1365 213 860 320 3 285 181 17 195 181 17 1373 206 193 1643 1814 44 215 206 1315 3 1140 860 180 638 321 638 57 1139 1090 212 1134 1265 536 435 1023 181 215 531 900 1203 505 1131 918 290 137 456 1371 1016 912 3 1236 50 52 1413 759 44 213 924 321 965 1781 135 400 435 179 400 435 206 554 17 638 1413 178 430 212 965 227 412 57 35 22 206 468 1718 206 44 213 924 1126 435 206 553 220 215 47 965 1023 828 137 456 662 456 924 169 400 1420 

54 130 924 617 213 1134 454 924 17 52 1023 924 1815 45 504 1134 924 427 1318 1466 924 3 270 691 1359 17 130 841 364 1259 924 59 279 44 841 85 164 924 1816 924 227 38 1441 892 924 617 213 135 273 22 463 213 965 17 3 691 1413 1817 294 1028 924 366 965 1818 860 17 181 1819 17 360 400 376 1820 860 1171 924 918 975 1203 924 1821 17 1946 206 1822 400 1483 17 400 1134 17 22 206 860 32 17 319 936 1413 177 297 177 4 359 72 841 1556 400 691 9 77 638 1413 782 123 841 182 400 1465 928 17 641 10 1413 400 841 154 924 975 928 205 928 469 476 99 68 841 410 400 841 206 870 149 22 463 965 918 2577 1125 263 912 439 463 1489 841 440 213 1823 24 276 206 17 870 22 476 160 72 121 841 206 0 17 787 476 38 164 924 995 400 435 412 1023 17 924 158 159 949 
32 17 144 107 272 965 263 912 77 44 17 1824 1054 32 272 341 965 263 912 877 252 359 661 1825 213 107 17 1826 1827 860 17 551 1548 928 17 358 187 181 3 646 408 22 2577 924 1288 1166 924 1946 299 
853 456 553 3 916 918 965 1045 96 918 122 412 179 505 422 17 110 192 1480 928 454 33 77 621 1134 320 738 
1828 912 2363 17 1134 428 1830 359 213 638 1413 912 181 576 3201 1023 924 1831 720 225 215 164 924 226 3 1023 9 182 359 273 215 164 924 428 1832 323 213 0 234 3 1833 1834 918 
9 220 
216 924 452 3 912 3 1807 553 110 660 841 206 234 143 924 1698 589 928 159 463 1759 730 177 3 1089 157 456 1835 181 17 3 380 841 1220 1134 215 762 576 348 17 107 110 1837 1318 456 1838 341 3 1839 215 1683 928 107 1028 554 410 181 17 1840 773 24 215 1028 1318 999 115 215 1023 3 1841 181 215 1245 1842 638 99 1067 17 1840 860 860 
660 44 99 510 340 181 17 636 1398 182 400 535 1139 17 509 341 965 872 456 445 213 638 1413 77 928 17 117 400 364 1843 17 1232 400 52 919 1413 1862 928 831 215 206 291 924 512 546 120 928 276 1155 638 1413 340 177 1679 1373 206 491 181 44 1679 57 17 322 777 17 1679 1324 218 206 463 410 17 156 928 157 456 505 505 188 435 206 110 776 924 32 536 928 17 130 149 181 928 17 322 107 965 17 1277 435 400 17 886 156 860 107 400 1023 157 965 177 928 201 122 47 215 1023 135 428 201 924 1413 422 181 3 1844 32 400 156 965 1813 307 456 553 293 44 841 206 42 476 1946 149 784 825 270 918 1845 22 912 306 1393 1134 145 776 924 1450 928 576 206 860 182 359 371 107 3 1081 965 17 635 400 107 17 481 156 928 792 965 538 244 17 343 928 321 1134 22 1124 181 220 1846 1204 1413 157 457 554 400 1160 1847 107 400 17 156 928 157 965 538 107 554 1277 435 400 17 886 156 860 107 181 400 1715 1023 157 965 177 928 192 3 1767 588 860 1514 924 1317 835 456 253 497 400 456 476 1946 299 149 359 99 456 17 1848 156 841 936 475 860 3 244 270 32 17 156 928 21 421 364 1413 505 1023 1596 860 99 1461 181 1023 553 764 456 99 967 554 77 928 17 1302 400 456 320 1069 924 1329 912 259 1134 805 17 759 1371 84 17 418 928 965 1136 476 99 274 553 965 181 2577 661 924 975 912 965 107 965 213 107 77 928 17 1174 888 869 924 1849 475 17 928 17 285 181 17 213 643 1624 17 103 965 862 924 282 731 1134 17 1063 4 928 17 1850 836 1114 99 225 
382 1203 422 
52 1413 627 1851 554 576 1790 928 17 1655 103 215 1816 1852 32 164 924 1413 154 924 654 213 24 1679 554 456 400 3 52 215 654 400 965 3 
3 928 22 463 1023 156 928 157 638 282 1853 860 3 1152 32 17 156 928 22 320 630 1134 17 13 638 282 117 965 1264 
45 179 220 928 17 264 137 
359 177 3 1023 805 17 1218 1210 32 122 412 179 956 223 422 805 703 975 215 438 476 805 17 186 181 956 975 215 223 422 17 1855 928 99 111 928 17 1079 912 9 0 960 554 17 912 22 1856 181 1506 
17 586 841 936 1857 181 657 1139 924 17 87 
3 1474 965 1134 965 181 1318 1474 1134 965 1858 3 1859 476 141 272 965 456 3 1860 928 17 272 341 467 1861 554 1618 628 77 928 1715 965 17 
693 1413 875 44 46 870 924 442 17 1864 244 1946 742 1865 
1866 400 1081 333 1303 924 1413 1590 1867 928 192 924 3 1198 764 1737 260 965 180 928 1717 332 1868 766 170 924 181 3 156 928 1679 1869 1870 400 197 928 17 1869 1425 267 1630 1872 924 17 965 400 1028 860 1577 206 1630 181 17 1026 1873 924 897 1506 764 3 1419 1874 1134 3 1737 260 576 435 965 740 308 1630 1872 924 274 924 99 1870 740 400 107 581 1154 822 17 924 912 1876 1630 1870 253 740 400 456 17 928 17 181 1740 3 1134 1679 1615 1877 107 581 924 1679 912 267 1630 1872 924 805 1878 1879 3 1872 924 1869 928 181 1877 206 1131 1679 332 965 206 17 1085 1419 965 17 181 1881 1862 928 351 1882 1825 965 17 965 1883 912 1125 1884 924 1885 925 860 3 1737 928 1609 869 323 1269 107 553 456 17 463 341 3 420 924 17 965 1886 30 310 125 1867 928 192 924 3 1198 764 1737 260 965 379 379 180 928 1717 332 1868 766 170 924 181 3 156 928 1679 1869 1870 400 197 928 17 1869 1425 267 1630 1872 924 17 965 400 1028 860 1577 206 1630 181 17 1026 1873 924 897 1506 764 3 1419 1874 1134 3 1737 260 576 435 965 740 308 1630 1872 924 274 924 99 1870 740 400 107 581 1154 822 17 924 912 1876 1630 1870 253 740 400 456 17 928 17 181 1740 3 1134 1679 1615 1877 107 581 924 1679 912 267 1630 1872 924 805 1878 1879 3 1872 924 1869 928 181 1877 206 1131 1679 332 965 206 17 1085 1419 965 17 181 1881 1862 928 351 1882 1825 965 17 965 1883 379 1125 1884 924 1885 925 860 3 1737 928 924 99 
1807 1887 1143 370 1807 456 9 1888 1466 181 17 638 1023 924 242 181 47 17 972 1134 17 
